LANDMARKS

--------------------------------Pranamasana--------------------------------------------
ideal_landmarks["pranamasana"].append([[0.3953738212585449, 0.20374999940395355], [0.38989749550819397, 0.18610185384750366], [0.3893361985683441, 0.18598726391792297], [0.3885343372821808, 0.18594321608543396], [0.38750314712524414, 0.18606799840927124], [0.3853174149990082, 0.18612800538539886], [0.3827153146266937, 0.18628770112991333], [0.37402209639549255, 0.19282323122024536], [0.3680281639099121, 0.19483354687690735], [0.3934604823589325, 0.2226792275905609], [0.39001569151878357, 0.22123005986213684], [0.3770461976528168, 0.3014906346797943], [0.35468074679374695, 0.301906943321228], [0.40139564871788025, 0.41876643896102905], [0.3774908483028412, 0.43698590993881226], [0.4153616428375244, 0.3689888119697571], [0.4117788076400757, 0.374311238527298], [0.41498103737831116, 0.3374214768409729], [0.41576144099235535, 0.34627145528793335], [0.4106249511241913, 0.32788562774658203], [0.4105566442012787, 0.3341696262359619], [0.40850579738616943, 0.3367310166358948], [0.4074009954929352, 0.34219279885292053], [0.3843575417995453, 0.5438348054885864], [0.37354859709739685, 0.5485385656356812], [0.3696804940700531, 0.7450602650642395], [0.367846816778183, 0.7572095394134521], [0.3652409315109253, 0.9175801277160645], [0.3657536208629608, 0.9399347901344299], [0.35695680975914, 0.9465101957321167], [0.35776659846305847, 0.970260500907898], [0.41047248244285583, 0.9412384033203125], [0.4153122901916504, 0.9679312705993652]])


ideal_landmarks["pranamasana"].append([[0.6270935535430908, 0.18515565991401672], [0.6151561141014099, 0.16700379550457], [0.6129384636878967, 0.16634917259216309], [0.6104863286018372, 0.16572052240371704], [0.6139981746673584, 0.1674223095178604], [0.6109236478805542, 0.16714519262313843], [0.6071323752403259, 0.16699077188968658], [0.57137131690979, 0.174030140042305], [0.5726727247238159, 0.17644205689430237], [0.6209954619407654, 0.20167335867881775], [0.6171545386314392, 0.20126859843730927], [0.5140706896781921, 0.28270989656448364], [0.5287970900535583, 0.2790053188800812], [0.6002160906791687, 0.3896165192127228], [0.6333701014518738, 0.3925713002681732], [0.6503668427467346, 0.3027598559856415], [0.6774253845214844, 0.2904210686683655], [0.6632112264633179, 0.2660072445869446], [0.6835233569145203, 0.2581121027469635], [0.6449798941612244, 0.2620556950569153], [0.6647407412528992, 0.2522457242012024], [0.6363082528114319, 0.2741859257221222], [0.6576010584831238, 0.2619360685348511], [0.5162786841392517, 0.5306523442268372], [0.527372419834137, 0.5310379862785339], [0.45418256521224976, 0.7451866865158081], [0.4586453139781952, 0.7492026686668396], [0.40241679549217224, 0.9378176331520081], [0.40527722239494324, 0.9484351873397827], [0.3697521984577179, 0.9703879356384277], [0.36667850613594055, 0.9850091934204102], [0.5314492583274841, 0.956816554069519], [0.5383068323135376, 0.9694724082946777]])


ideal_landmarks["pranamasana"].append([[0.36865049600601196, 0.23947259783744812], [0.35443243384361267, 0.22776713967323303], [0.35180795192718506, 0.22779087722301483], [0.34881359338760376, 0.22772645950317383], [0.355216383934021, 0.22803927958011627], [0.35352009534835815, 0.2282552272081375], [0.35153913497924805, 0.22858060896396637], [0.3268224596977234, 0.24102020263671875], [0.3322475552558899, 0.24478188157081604], [0.3645496368408203, 0.2562238276004791], [0.3646756708621979, 0.25607481598854065], [0.3229488134384155, 0.3257937729358673], [0.33776918053627014, 0.3354610502719879], [0.37416401505470276, 0.414682537317276], [0.36320528388023376, 0.4352348744869232], [0.3864299952983856, 0.41034525632858276], [0.4031594693660736, 0.39914098381996155], [0.390863835811615, 0.41445350646972656], [0.40916553139686584, 0.4013671576976776], [0.3918919265270233, 0.3980827033519745], [0.4064139127731323, 0.3949343264102936], [0.3889828324317932, 0.39703357219696045], [0.40324848890304565, 0.3930032253265381], [0.35558104515075684, 0.5564305782318115], [0.35676509141921997, 0.5715057849884033], [0.35450178384780884, 0.723547637462616], [0.33973830938339233, 0.7536720633506775], [0.3282208740711212, 0.9002166986465454], [0.32825717329978943, 0.9182050228118896], [0.30775296688079834, 0.9362436532974243], [0.30787160992622375, 0.9571467041969299], [0.4075888395309448, 0.9318804740905762], [0.4132925271987915, 0.9446717500686646]])


---------------------------------------Hastautanasana-------------------------------------

ideal_landmarks["hastautanasana"].append([[0.35895463824272156, 0.20281532406806946], [0.35463595390319824, 0.22049576044082642], [0.3553725481033325, 0.22193455696105957], [0.35617923736572266, 0.22358958423137665], [0.3554527759552002, 0.22054114937782288], [0.3566543459892273, 0.22197259962558746], [0.35786157846450806, 0.22371503710746765], [0.37034621834754944, 0.23991653323173523], [0.371420294046402, 0.23829787969589233], [0.372281938791275, 0.19913111627101898], [0.37309151887893677, 0.19974231719970703], [0.42230743169784546, 0.23818714916706085], [0.4267737865447998, 0.22293226420879364], [0.36263763904571533, 0.16735711693763733], [0.36578136682510376, 0.14550209045410156], [0.2941613793373108, 0.14439605176448822], [0.2868228256702423, 0.1305263340473175], [0.2695602774620056, 0.14243540167808533], [0.2611899971961975, 0.12370029091835022], [0.26734036207199097, 0.14909586310386658], [0.2602332830429077, 0.13641008734703064], [0.2756321132183075, 0.15135787427425385], [0.2683088183403015, 0.1410904973745346], [0.5541060566902161, 0.36975666880607605], [0.5651354789733887, 0.3640387952327728], [0.5230546593666077, 0.5761637687683105], [0.5303618907928467, 0.5842007398605347], [0.47240370512008667, 0.7783742547035217], [0.47052276134490967, 0.791135847568512], [0.45394647121429443, 0.8081939816474915], [0.4492119252681732, 0.8210382461547852], [0.5210372805595398, 0.8336531519889832], [0.5247960686683655, 0.8476090431213379]])


ideal_landmarks["hastautanasana"].append([[0.5687236189842224, 0.13345174491405487], [0.5594015717506409, 0.14164121448993683], [0.5590642094612122, 0.14443747699260712], [0.5586158633232117, 0.1479499489068985], [0.5583914518356323, 0.14248791337013245], [0.557300865650177, 0.14553092420101166], [0.556181013584137, 0.1490420252084732], [0.5567854046821594, 0.1783217042684555], [0.5528435707092285, 0.17733794450759888], [0.5750820636749268, 0.14379459619522095], [0.5731013417243958, 0.14595143496990204], [0.580054759979248, 0.24721887707710266], [0.5556455850601196, 0.24190658330917358], [0.4897020757198334, 0.2517324984073639], [0.4613996148109436, 0.2502882480621338], [0.3963431119918823, 0.2899494171142578], [0.36762067675590515, 0.289299875497818], [0.36986982822418213, 0.31706538796424866], [0.3414992392063141, 0.3129805326461792], [0.36507555842399597, 0.3134972155094147], [0.3386645019054413, 0.320243775844574], [0.3798287510871887, 0.30221712589263916], [0.3496262729167938, 0.3109370470046997], [0.6969961524009705, 0.4046895205974579], [0.6781734824180603, 0.4153379797935486], [0.6083808541297913, 0.6919066309928894], [0.5970920324325562, 0.713707447052002], [0.4981353282928467, 1.0051665306091309], [0.48125651478767395, 1.0487842559814453], [0.4645255506038666, 1.064236044883728], [0.4558079242706299, 1.089485764503479], [0.5389348864555359, 1.0480855703353882], [0.5356442332267761, 1.06556236743927]])


ideal_landmarks["hastautanasana"].append([[0.4293888211250305, 0.1917852759361267], [0.4132271111011505, 0.20036421716213226], [0.41340893507003784, 0.20205792784690857], [0.4137383699417114, 0.20404206216335297], [0.4113621413707733, 0.20162969827651978], [0.4102233052253723, 0.20396743714809418], [0.40921416878700256, 0.2065081149339676], [0.4177219867706299, 0.22855490446090698], [0.4144575893878937, 0.2292698323726654], [0.4490131437778473, 0.19852575659751892], [0.44551342725753784, 0.19971401989459991], [0.4903206527233124, 0.2711751163005829], [0.4827456474304199, 0.26595795154571533], [0.3681868314743042, 0.23890560865402222], [0.3437161445617676, 0.23158805072307587], [0.22054806351661682, 0.25487446784973145], [0.20530658960342407, 0.23184098303318024], [0.18790823221206665, 0.25260448455810547], [0.1658303439617157, 0.2351047247648239], [0.18349581956863403, 0.2668827176094055], [0.16238315403461456, 0.24862456321716309], [0.19766998291015625, 0.2758750319480896], [0.17530205845832825, 0.25357410311698914], [0.6484917402267456, 0.4552537500858307], [0.6461768746376038, 0.45319005846977234], [0.5811824798583984, 0.6512591242790222], [0.577327311038971, 0.6677859425544739], [0.4956187605857849, 0.8324366807937622], [0.4954391419887543, 0.8501495718955994], [0.46420735120773315, 0.8651151657104492], [0.4554383456707001, 0.8830150365829468], [0.5712674856185913, 0.866195797920227], [0.5649605393409729, 0.8843041062355042]])

--------------------------------------AshtangaNamaskara----------------------------------------------------


ideal_landmarks["ashtanga_namaskara"].append([[0.914398193359375, 0.6446695923805237], [0.9128503799438477, 0.6173193454742432], [0.9108508825302124, 0.6149464845657349], [0.9085286855697632, 0.6122302412986755], [0.912096381187439, 0.618112325668335], [0.9098108410835266, 0.6164722442626953], [0.9072099924087524, 0.6145283579826355], [0.880585253238678, 0.5949034094810486], [0.880747377872467, 0.5992692708969116], [0.9000891447067261, 0.6578247547149658], [0.8995031714439392, 0.6580047607421875], [0.7689650058746338, 0.5980976819992065], [0.7721502184867859, 0.6320861577987671], [0.6226451992988586, 0.5171952247619629], [0.6255466938018799, 0.5177472829818726], [0.6864149570465088, 0.6712585091590881], [0.6919881701469421, 0.6963180303573608], [0.7226232290267944, 0.6804825067520142], [0.7222581505775452, 0.7137385606765747], [0.7335081696510315, 0.6858113408088684], [0.7333590984344482, 0.7086865305900574], [0.7222720384597778, 0.6830394864082336], [0.7250648140907288, 0.7029666304588318], [0.5105205774307251, 0.4636528789997101], [0.5040127038955688, 0.4711012840270996], [0.3313126862049103, 0.6317839622497559], [0.31792396306991577, 0.6508651375770569], [0.11369213461875916, 0.5636971592903137], [0.10379683971405029, 0.5525178909301758], [0.07962560653686523, 0.5308838486671448], [0.07041385769844055, 0.5183755159378052], [0.09177583456039429, 0.6888518333435059], [0.08160921931266785, 0.6848811507225037]])


ideal_landmarks["ashtanga_namaskara"].append([[0.8762592077255249, 0.6812542676925659], [0.8875282406806946, 0.6601285338401794], [0.8863146305084229, 0.6576431393623352], [0.8854382634162903, 0.6544997096061707], [0.8867563009262085, 0.6560009121894836], [0.884762167930603, 0.6508627533912659], [0.8829100728034973, 0.6452316045761108], [0.8725336790084839, 0.61705482006073], [0.8681252598762512, 0.6076812744140625], [0.8577185869216919, 0.6785874962806702], [0.8568904399871826, 0.6730533838272095], [0.7689768671989441, 0.5937089323997498], [0.7628200054168701, 0.6127310395240784], [0.6392863392829895, 0.5537353754043579], [0.6252328157424927, 0.5377715826034546], [0.7231916189193726, 0.6526903510093689], [0.7182275652885437, 0.6777817010879517], [0.7568941116333008, 0.6710205674171448], [0.7524255514144897, 0.6976178288459778], [0.7609828114509583, 0.6702525615692139], [0.7612069249153137, 0.6923932433128357], [0.7560538649559021, 0.6640533804893494], [0.7548103332519531, 0.6841138005256653], [0.505085825920105, 0.5324670076370239], [0.49758222699165344, 0.5384002923965454], [0.30521416664123535, 0.6335721611976624], [0.2983836233615875, 0.6458473205566406], [0.0972481444478035, 0.5839747786521912], [0.0852145105600357, 0.5769281387329102], [0.06083586812019348, 0.5434771776199341], [0.04907577112317085, 0.5307185649871826], [0.06207890808582306, 0.6842401027679443], [0.04958480969071388, 0.6843667030334473]])


ideal_landmarks["ashtanga_namaskara"].append([[0.8742913007736206, 0.623703122138977], [0.8795576691627502, 0.59693843126297], [0.8788525462150574, 0.5938095450401306], [0.8782345056533813, 0.5902575254440308], [0.8785759210586548, 0.5983309745788574], [0.8773875832557678, 0.5963730216026306], [0.8762295842170715, 0.5939245820045471], [0.8609896302223206, 0.5714160203933716], [0.8581252694129944, 0.5770346522331238], [0.8598814010620117, 0.6294972896575928], [0.8598846793174744, 0.6306473612785339], [0.7647951245307922, 0.5404555201530457], [0.7770193815231323, 0.596448540687561], [0.684072732925415, 0.4558931589126587], [0.6903448104858398, 0.5035111904144287], [0.6947322487831116, 0.602503776550293], [0.7058560848236084, 0.657396674156189], [0.7128470540046692, 0.6175199151039124], [0.728603184223175, 0.6741526126861572], [0.7188276052474976, 0.6237913370132446], [0.7381457090377808, 0.6677336096763611], [0.7144279479980469, 0.6221604943275452], [0.7324485778808594, 0.6620833873748779], [0.5594052076339722, 0.4276883900165558], [0.550907552242279, 0.452131986618042], [0.41610750555992126, 0.5971911549568176], [0.3999870717525482, 0.6305369138717651], [0.2353203296661377, 0.5569072365760803], [0.21289199590682983, 0.5645872354507446], [0.21540270745754242, 0.5178172588348389], [0.1886032372713089, 0.5224961042404175], [0.19781899452209473, 0.630822479724884], [0.1664249151945114, 0.6426494121551514]])

----------------------------------Dandasana------------------------------------------------------------

ideal_landmarks["dandasana"].append([[0.8641551733016968, 0.2817573547363281], [0.8726587891578674, 0.24844247102737427], [0.8724533915519714, 0.2459651529788971], [0.8722784519195557, 0.24331986904144287], [0.8709135055541992, 0.24613602459430695], [0.8691973686218262, 0.24237801134586334], [0.8672950267791748, 0.23852454125881195], [0.8564143180847168, 0.2209848016500473], [0.8495073318481445, 0.2207651436328888], [0.8497263789176941, 0.2947404086589813], [0.8466417789459229, 0.29181575775146484], [0.759042501449585, 0.25413087010383606], [0.7788227796554565, 0.31023529171943665], [0.7337723970413208, 0.4920884966850281], [0.7580418586730957, 0.5533153414726257], [0.7594852447509766, 0.7086081504821777], [0.7756662368774414, 0.80975741147995], [0.787194013595581, 0.717207670211792], [0.8083627223968506, 0.8235076665878296], [0.7916812896728516, 0.7242450714111328], [0.8127846717834473, 0.8100725412368774], [0.7813379764556885, 0.7264825105667114], [0.8024815320968628, 0.806799054145813], [0.5371590256690979, 0.4242909848690033], [0.5409790277481079, 0.4530464708805084], [0.36119234561920166, 0.5795612335205078], [0.35707417130470276, 0.583868682384491], [0.19995886087417603, 0.677250862121582], [0.18975231051445007, 0.690890908241272], [0.1625954508781433, 0.6646120548248291], [0.15049034357070923, 0.6842055320739746], [0.21924811601638794, 0.8217525482177734], [0.20632565021514893, 0.838452935218811]])


ideal_landmarks["dandasana"].append([[0.8505248427391052, 0.5167783498764038], [0.8617668151855469, 0.4895092844963074], [0.8614451289176941, 0.48560014367103577], [0.8611403703689575, 0.48064327239990234], [0.8610920310020447, 0.4877312481403351], [0.8602647185325623, 0.48310428857803345], [0.8593367338180542, 0.4778566360473633], [0.8466948866844177, 0.4410269558429718], [0.8443450927734375, 0.4428645074367523], [0.8313500285148621, 0.516569197177887], [0.8306632041931152, 0.5111756920814514], [0.7325791120529175, 0.42728376388549805], [0.7557169795036316, 0.45943278074264526], [0.7165345549583435, 0.6896336078643799], [0.7357991337776184, 0.7345443367958069], [0.7173400521278381, 0.9056224822998047], [0.7449495792388916, 0.959384024143219], [0.7413296699523926, 0.9125997424125671], [0.7772696614265442, 0.9792397022247314], [0.7476667165756226, 0.9169027805328369], [0.7787920236587524, 0.9641988277435303], [0.7370829582214355, 0.9179812073707581], [0.7643215656280518, 0.9566909670829773], [0.524440586566925, 0.5121592879295349], [0.5296639800071716, 0.531663715839386], [0.3604089915752411, 0.6662008166313171], [0.357894629240036, 0.6709843873977661], [0.19828595221042633, 0.7726005911827087], [0.19111986458301544, 0.7833738327026367], [0.16175991296768188, 0.7799060940742493], [0.15446051955223083, 0.7871605753898621], [0.21916934847831726, 0.905009388923645], [0.21490412950515747, 0.9226428866386414]])


ideal_landmarks["dandasana"].append([[0.945282518863678, 0.36936986446380615], [0.9581396579742432, 0.3395077586174011], [0.9579890966415405, 0.33638474345207214], [0.9576622247695923, 0.3323163092136383], [0.9567055106163025, 0.3352022171020508], [0.9553405046463013, 0.3299611210823059], [0.9535114169120789, 0.3236543536186218], [0.9352777004241943, 0.2944243848323822], [0.9306472539901733, 0.2894341051578522], [0.9222185611724854, 0.3765685558319092], [0.9202923774719238, 0.36862871050834656], [0.7840983271598816, 0.33603113889694214], [0.7943819761276245, 0.36586084961891174], [0.7662889957427979, 0.6143264770507812], [0.7691546678543091, 0.6336945295333862], [0.7378563284873962, 0.8262000679969788], [0.7437980771064758, 0.8799968957901001], [0.764273464679718, 0.840878963470459], [0.7718064785003662, 0.9002688527107239], [0.7700955867767334, 0.8459075689315796], [0.7784719467163086, 0.8905393481254578], [0.7579289078712463, 0.8428344130516052], [0.7676087617874146, 0.8839591145515442], [0.4956663250923157, 0.4681636393070221], [0.48978644609451294, 0.49755915999412537], [0.27709004282951355, 0.6419045329093933], [0.27064481377601624, 0.6489216089248657], [0.07547612488269806, 0.7761344313621521], [0.07563670724630356, 0.7813141942024231], [0.07133715599775314, 0.7721468806266785], [0.05027042701840401, 0.7758376002311707], [0.08167045563459396, 0.9036383628845215], [0.08516789227724075, 0.916034996509552]])